Chicago:
4, 11, 20, 21, 28, 30, 33, 35, 37, 45, 46, 53, 56, 71, 85, 90, 102, 103, 105, 108, 119, 120, 125, 130, 135, 138, 150, 153, 158, 161, 164, 166, 167, 168, 175, 181, 182, 184, 189, 192, 194, 206, 214, 215, 218, 219, 223, 225, 241, 242, 245, 246, 251, 261, 273, 281, 282, 284, 301, 307, 309, 310, 312, 314, 322, 324, 328, 332, 333, 345, 349, 354, 360, 361, 362, 369, 373, 380, 383, 390, 393, 396, 399, 410, 413, 414, 424, 425, 431, 439, 443, 447, 449, 452, 454, 461, 462, 469, 472, 476, 483, 488, 491, 509, 511, 520, 524, 525, 533, 534, 538, 547, 556, 557, 559, 564, 565, 572, 576, 580, 586, 587, 589, 591, 593, 597, 599, 600, 602, 603, 606, 620, 629, 636, 637, 639, 645, 646, 647, 648, 649, 654, 655, 660, 665, 666, 670, 681, 683, 689, 690, 693, 694, 697, 699, 701, 705, 717, 728, 729, 732, 735, 740, 742, 745, 746, 752, 755, 756, 757, 760, 765, 766, 772, 775, 778, 779, 780, 805, 812, 813, 827, 829, 830, 837, 849, 851, 860, 864, 870, 873, 876, 878, 884, 886, 891, 896, 902, 903, 911, 915, 916, 925, 935, 936, 938, 958, 966, 967, 976, 981, 984, 989, 992, 994, 997

Houston:
5, 14, 17, 19, 22, 27, 39, 44, 54, 61, 64, 66, 67, 70, 77, 78, 79, 80, 89, 93, 107, 111, 115, 117, 121, 137, 140, 144, 146, 155, 160, 169, 173, 183, 188, 191, 197, 198, 213, 216, 222, 224, 228, 234, 240, 247, 248, 249, 254, 260, 268, 269, 272, 275, 276, 285, 286, 287, 289, 291, 296, 302, 305, 311, 313, 319, 323, 330, 331, 355, 358, 364, 365, 367, 371, 374, 378, 382, 389, 391, 392, 395, 397, 406, 409, 412, 433, 436, 440, 441, 444, 445, 450, 453, 460, 464, 470, 475, 479, 489, 492, 494, 496, 503, 507, 513, 515, 523, 529, 536, 545, 546, 549, 561, 568, 569, 571, 573, 575, 585, 595, 613, 616, 617, 625, 627, 635, 642, 643, 656, 664, 667, 668, 671, 676, 679, 682, 688, 695, 703, 704, 709, 710, 713, 714, 720, 724, 725, 726, 727, 730, 737, 744, 747, 748, 750, 753, 762, 768, 771, 783, 785, 788, 794, 801, 803, 809, 810, 815, 816, 820, 824, 825, 834, 838, 840, 841, 844, 847, 853, 857, 859, 866, 874, 875, 880, 885, 889, 895, 899, 904, 907, 908, 913, 914, 921, 922, 924, 930, 939, 949, 954, 955, 977, 979, 980, 983, 985, 993

Phoenix:
6, 12, 18, 24, 31, 32, 34, 36, 48, 50, 55, 57, 58, 59, 62, 72, 75, 82, 83, 84, 86, 87, 95, 100, 104, 109, 110, 122, 127, 136, 139, 148, 159, 165, 172, 174, 185, 187, 196, 210, 212, 226, 227, 231, 233, 244, 250, 257, 258, 259, 264, 270, 271, 274, 279, 280, 290, 298, 299, 300, 303, 329, 334, 336, 340, 341, 344, 346, 350, 352, 375, 381, 385, 386, 398, 403, 405, 417, 418, 421, 423, 426, 427, 432, 434, 435, 457, 459, 467, 468, 471, 480, 481, 482, 487, 495, 499, 504, 505, 514, 517, 526, 531, 532, 543, 544, 551, 554, 558, 560, 562, 567, 570, 577, 579, 583, 592, 594, 598, 605, 608, 619, 623, 628, 632, 634, 640, 650, 652, 653, 663, 672, 673, 677, 678, 698, 706, 708, 716, 718, 721, 723, 733, 734, 739, 741, 743, 751, 763, 769, 773, 781, 786, 787, 789, 790, 797, 799, 800, 806, 807, 811, 817, 818, 819, 822, 823, 842, 843, 846, 848, 854, 871, 877, 893, 898, 912, 918, 927, 928, 932, 934, 941, 947, 952, 961, 963, 964, 965, 974, 978, 1000

Seattle:
7

Denver:
8

Philadelphia:
9

Los Angeles:
10, 13, 16, 23, 29, 40, 43, 47, 51, 65, 69, 73, 88, 97, 99, 112, 114, 118, 128, 131, 134, 141, 142, 143, 152, 157, 162, 163, 170, 171, 177, 178, 186, 193, 195, 199, 201, 203, 205, 208, 209, 211, 217, 229, 230, 235, 237, 238, 262, 263, 267, 277, 278, 283, 288, 292, 293, 294, 304, 308, 315, 325, 326, 327, 335, 342, 347, 348, 351, 353, 356, 363, 370, 377, 400, 401, 411, 415, 416, 422, 430, 438, 442, 455, 458, 463, 466, 473, 478, 497, 501, 506, 512, 516, 518, 519, 522, 527, 535, 537, 541, 548, 550, 574, 578, 584, 588, 590, 596, 604, 609, 610, 614, 615, 621, 624, 626, 630, 631, 633, 638, 644, 658, 659, 661, 662, 674, 685, 687, 692, 700, 702, 712, 715, 719, 722, 754, 761, 764, 770, 776, 782, 791, 796, 798, 814, 826, 836, 839, 845, 852, 855, 858, 862, 872, 882, 888, 890, 906, 909, 917, 919, 931, 933, 937, 944, 946, 948, 950, 953, 956, 959, 960, 962, 968, 972, 975, 986, 987, 990, 995, 996, 998, 1

New York:
15, 25, 26, 38, 41, 42, 49, 52, 60, 63, 68, 74, 76, 81, 91, 92, 94, 96, 98, 101, 106, 113, 116, 123, 124, 126, 129, 132, 133, 145, 147, 149, 151, 154, 156, 176, 179, 180, 190, 200, 202, 204, 207, 220, 221, 232, 236, 239, 243, 252, 253, 255, 256, 265, 266, 295, 297, 306, 316, 317, 318, 320, 321, 337, 338, 339, 343, 357, 359, 366, 368, 372, 376, 379, 384, 387, 388, 394, 402, 404, 407, 408, 419, 420, 428, 429, 437, 446, 448, 451, 456, 465, 474, 477, 484, 485, 486, 490, 493, 498, 500, 502, 508, 510, 521, 528, 530, 539, 540, 542, 552, 553, 555, 563, 566, 581, 582, 601, 607, 611, 612, 618, 622, 641, 651, 657, 669, 675, 680, 684, 686, 691, 696, 707, 711, 731, 736, 738, 749, 758, 759, 767, 774, 777, 784, 792, 793, 795, 802, 804, 808, 821, 828, 831, 832, 833, 835, 850, 856, 861, 863, 865, 867, 868, 869, 879, 881, 883, 887, 892, 894, 897, 900, 901, 905, 910, 920, 923, 926, 929, 940, 942, 943, 945, 951, 957, 969, 970, 971, 973, 982, 988, 991, 999, 3

San Francisco:
2

