9b2d5b4678781e53038e91ea5324530a03f27dc1d0e5f6c9bc9d493a23be9de0:
4, 7, 8, 9, 10, 11, 17, 18, 19, 22, 26, 32, 33, 39, 59, 60, 67, 80, 83, 90, 91, 95, 106, 107, 115, 118, 119, 120, 121, 122, 126, 132, 135, 136, 137, 141, 143, 144, 147, 154, 155, 156, 162, 169, 170, 192, 199, 201, 205, 214, 215, 217, 218, 221, 230, 232, 241, 244, 245, 246, 248, 250, 253, 261, 266, 278, 279, 284, 285, 287, 288, 289, 295, 298, 304, 307, 330, 335, 336, 340, 342, 347, 357, 358, 361, 383, 385, 386, 388, 401, 402, 403, 406, 408, 411, 414, 417, 420, 422, 425, 428, 429, 430, 434, 438, 439, 442, 452, 461, 469, 476, 483, 485, 490, 494, 500, 503, 508, 519, 528, 530, 534, 540, 547, 556, 559, 561, 566, 568, 569, 570, 572, 576, 579, 585, 595, 602, 606, 611, 619, 624, 626, 633, 634, 637, 638, 641, 645, 652, 656, 662, 666, 668, 671, 676, 683, 703, 713, 718, 719, 732, 753, 783, 787, 797, 802, 803, 813, 815, 816, 820, 822, 824, 825, 831, 836, 846, 851, 856, 861, 866, 870, 872, 883, 885, 886, 887, 891, 893, 896, 902, 909, 919, 924, 925, 927, 929, 941, 943, 952, 956, 960, 973, 975, 977, 981, 985, 998, 999, 2

76a2c2f388cbd321e445e85c940b5f4e0c6745a5d12c489a34581430b50fb430:
5

8b6d6f5fbf2fdb99661663e81dca7ccff48da663cea28864cc106d742bffbfc7:
6, 15, 23, 37, 48, 50, 53, 55, 62, 71, 76, 79, 81, 92, 96, 97, 108, 110, 114, 129, 130, 140, 145, 148, 149, 152, 161, 165, 166, 173, 175, 179, 181, 182, 185, 190, 193, 206, 207, 219, 226, 228, 231, 242, 251, 259, 262, 263, 267, 268, 274, 277, 286, 293, 296, 301, 302, 309, 314, 319, 321, 326, 328, 329, 331, 338, 339, 341, 349, 351, 352, 360, 362, 370, 372, 376, 380, 381, 389, 391, 395, 396, 400, 418, 424, 427, 433, 436, 453, 463, 464, 467, 473, 474, 479, 480, 488, 491, 492, 504, 505, 512, 513, 514, 517, 522, 523, 529, 535, 539, 541, 544, 563, 573, 574, 577, 581, 583, 593, 597, 598, 604, 605, 608, 612, 622, 629, 630, 632, 642, 643, 646, 647, 648, 650, 654, 661, 663, 674, 680, 685, 695, 706, 708, 709, 711, 712, 715, 717, 720, 725, 726, 731, 734, 743, 748, 754, 755, 760, 762, 766, 767, 769, 770, 775, 790, 799, 804, 812, 823, 832, 837, 839, 840, 841, 845, 850, 852, 853, 864, 867, 873, 878, 880, 889, 892, 921, 923, 934, 935, 936, 938, 939, 940, 945, 950, 958, 959, 961, 972, 978, 986, 992, 993

55908cd34e2df5488a2ff97e6b7277898aa8e92e35ade57c5157139d69e54ff8:
12, 14, 16, 20, 21, 24, 25, 28, 29, 30, 36, 43, 45, 46, 47, 49, 51, 56, 68, 70, 77, 78, 85, 99, 113, 117, 123, 124, 125, 127, 134, 138, 153, 157, 158, 164, 167, 172, 174, 176, 183, 186, 202, 203, 220, 227, 229, 235, 237, 239, 243, 247, 256, 265, 272, 280, 281, 290, 291, 294, 297, 303, 306, 311, 313, 316, 322, 323, 325, 333, 334, 337, 346, 348, 350, 353, 354, 355, 359, 363, 365, 377, 384, 392, 397, 399, 404, 407, 409, 416, 421, 431, 435, 441, 443, 445, 447, 448, 451, 459, 462, 465, 470, 471, 495, 501, 502, 510, 511, 516, 520, 531, 536, 537, 548, 550, 552, 557, 564, 575, 580, 584, 587, 588, 591, 592, 594, 600, 614, 616, 623, 625, 628, 631, 635, 651, 673, 678, 679, 689, 693, 697, 699, 704, 721, 722, 724, 730, 736, 738, 745, 749, 757, 764, 765, 768, 772, 778, 779, 784, 789, 791, 793, 794, 798, 808, 810, 818, 821, 829, 833, 848, 859, 860, 863, 865, 868, 871, 874, 884, 898, 903, 905, 906, 910, 911, 920, 928, 942, 946, 949, 965, 970, 974, 980, 988, 996, 1

57891cb439cda702e3656391bd09344ddb97c12a914e06f9a49a8dc52525d0e2:
13, 31, 40, 41, 52, 54, 57, 58, 72, 73, 74, 75, 86, 87, 101, 102, 105, 109, 111, 116, 131, 142, 146, 150, 151, 160, 163, 168, 171, 177, 178, 180, 184, 188, 189, 194, 196, 197, 198, 200, 208, 209, 210, 211, 222, 223, 236, 238, 260, 264, 270, 273, 275, 276, 283, 292, 343, 344, 364, 367, 371, 373, 378, 379, 387, 390, 393, 398, 410, 412, 413, 415, 423, 426, 432, 437, 449, 454, 456, 458, 468, 472, 506, 518, 521, 524, 525, 526, 527, 532, 542, 546, 551, 553, 554, 555, 558, 560, 562, 571, 578, 589, 590, 596, 599, 601, 613, 618, 621, 627, 636, 639, 640, 649, 657, 659, 669, 670, 672, 675, 677, 681, 684, 687, 688, 690, 692, 694, 701, 705, 707, 710, 714, 716, 727, 733, 735, 737, 739, 742, 744, 747, 750, 751, 752, 756, 759, 761, 763, 771, 773, 781, 786, 788, 792, 796, 801, 805, 806, 807, 809, 811, 817, 819, 826, 828, 834, 835, 838, 842, 843, 854, 855, 857, 858, 875, 879, 881, 888, 895, 897, 899, 901, 904, 908, 912, 917, 918, 930, 933, 944, 953, 957, 962, 963, 964, 969, 971, 976, 983, 990, 991, 994, 997

7a52c8845b7d2cc114fe651084b48e35ae20bde56df01737ddc5f50f2b428259:
27, 34, 35, 38, 42, 44, 61, 63, 64, 65, 66, 69, 82, 84, 88, 89, 93, 94, 98, 100, 103, 104, 112, 128, 133, 139, 159, 187, 191, 195, 204, 212, 213, 216, 224, 225, 233, 234, 240, 249, 252, 254, 255, 257, 258, 269, 271, 282, 299, 300, 305, 308, 310, 312, 315, 317, 318, 320, 324, 327, 332, 345, 356, 366, 368, 369, 374, 375, 382, 394, 405, 419, 440, 444, 446, 450, 455, 457, 460, 466, 475, 477, 478, 481, 482, 484, 486, 487, 489, 493, 496, 497, 498, 499, 507, 509, 515, 533, 538, 543, 545, 549, 565, 567, 582, 586, 603, 607, 609, 610, 615, 617, 620, 644, 653, 655, 658, 660, 664, 665, 667, 682, 686, 691, 696, 698, 700, 702, 723, 728, 729, 740, 741, 746, 758, 774, 776, 777, 780, 782, 785, 795, 800, 814, 827, 830, 844, 847, 849, 862, 869, 876, 877, 882, 890, 894, 900, 907, 913, 914, 915, 916, 922, 926, 931, 932, 937, 947, 948, 951, 954, 955, 966, 967, 968, 979, 982, 984, 987, 989, 995, 1000

076d13b3d76331f27055108bb0f18049e7518c0a63a55cee26b43bf473211d3b:
3

