cc5cc8d5ca1325a4a526118580a3a27b1f3821c734dcc9289b3a67e5d7ef027c:
4, 14, 19, 22, 28, 37, 44, 45, 52, 53, 55, 59, 71, 79, 81, 86, 106, 116, 120, 126, 127, 132, 134, 135, 138, 139, 143, 144, 146, 149, 156, 159, 161, 165, 176, 178, 187, 188, 197, 202, 205, 210, 212, 217, 223, 228, 229, 240, 243, 254, 257, 261, 280, 292, 294, 295, 315, 334, 339, 344, 346, 352, 357, 368, 370, 371, 376, 381, 389, 391, 406, 410, 417, 419, 425, 429, 431, 436, 440, 441, 442, 445, 467, 469, 474, 475, 476, 489, 490, 491, 495, 497, 499, 509, 513, 515, 517, 518, 529, 538, 541, 546, 550, 551, 558, 563, 573, 574, 576, 583, 591, 601, 603, 608, 609, 612, 617, 618, 623, 629, 630, 633, 643, 661, 671, 672, 680, 682, 684, 686, 688, 689, 702, 722, 729, 737, 739, 741, 752, 757, 759, 761, 762, 768, 773, 777, 786, 787, 788, 791, 799, 804, 813, 814, 817, 821, 824, 826, 832, 834, 839, 841, 843, 844, 847, 848, 849, 854, 855, 856, 859, 861, 873, 887, 889, 896, 914, 926, 934, 937, 942, 944, 953, 954, 957, 961, 981, 985, 988, 993

4cb9d5425337831282f7d1e7d14108c5d30b483aa45900eb27bb3fea9bb06600:
5

875fca3a4533860505219fdf696a4387419d7a61a6fdee33818af17eeb6bf1bf:
6

f8d118c11de2d828003b0041fb9cb6a190eddddd4a7e69f46c007f362b7c3909:
7

0ce28bccc66e0060488c7ce4feade61d2ccf5c892b6f66f909449624b5627a93:
8

10862725426312a5097a7e65794c29612ad17677d02d9cc5123ead3b56985544:
9

7806c4ea4cdc269ec9bef57b3d8967ae6a4dcf4ba20017db416fbaab45412b66:
10

d83cf5e912a99a50810dddfb8d442ee0bb5c59758217819e25f2e85f299ae8ed:
11, 16, 17, 30, 35, 38, 40, 43, 50, 58, 64, 68, 69, 73, 75, 88, 91, 92, 100, 102, 108, 109, 112, 124, 128, 129, 133, 137, 152, 155, 158, 171, 172, 174, 179, 181, 191, 194, 196, 201, 206, 211, 218, 222, 224, 226, 227, 230, 231, 232, 235, 248, 249, 265, 267, 268, 273, 276, 286, 288, 289, 296, 298, 299, 306, 308, 316, 317, 318, 322, 327, 328, 329, 332, 337, 342, 349, 353, 356, 377, 382, 390, 405, 413, 416, 418, 427, 443, 447, 450, 457, 459, 460, 461, 463, 464, 480, 482, 493, 500, 502, 516, 519, 523, 527, 539, 542, 548, 555, 560, 562, 571, 575, 595, 596, 597, 606, 611, 619, 622, 628, 632, 637, 644, 653, 655, 666, 667, 668, 669, 670, 676, 683, 685, 703, 704, 705, 706, 708, 709, 711, 723, 724, 725, 731, 734, 744, 749, 760, 766, 770, 782, 784, 802, 809, 811, 822, 823, 827, 829, 835, 837, 850, 852, 857, 858, 862, 867, 874, 875, 877, 878, 888, 892, 895, 900, 905, 908, 911, 916, 917, 921, 922, 927, 932, 933, 935, 947, 963, 965, 967, 968, 971, 973, 989, 992, 994, 998, 3

55abaca502e1839ff29ac125e7d6df0edfce3e075b81598d7af2366245b575ea:
12, 24, 25, 27, 29, 39, 41, 49, 54, 63, 74, 76, 78, 80, 96, 97, 101, 103, 107, 110, 115, 140, 141, 145, 147, 150, 151, 154, 157, 160, 164, 173, 183, 185, 190, 192, 193, 195, 198, 209, 213, 216, 233, 236, 242, 244, 246, 247, 250, 252, 253, 262, 269, 270, 272, 274, 277, 284, 291, 293, 311, 331, 333, 335, 338, 343, 345, 347, 351, 355, 359, 360, 361, 366, 367, 369, 383, 384, 385, 386, 393, 396, 400, 401, 404, 407, 415, 423, 434, 438, 439, 444, 446, 454, 456, 466, 468, 470, 473, 477, 481, 485, 488, 492, 496, 501, 506, 511, 512, 514, 525, 528, 530, 531, 533, 549, 557, 561, 578, 579, 580, 584, 585, 598, 604, 605, 610, 613, 615, 620, 621, 631, 634, 636, 638, 639, 640, 646, 647, 648, 649, 650, 657, 658, 663, 664, 674, 675, 679, 693, 695, 698, 707, 712, 728, 732, 733, 742, 743, 747, 753, 758, 774, 778, 779, 781, 783, 797, 801, 806, 808, 810, 812, 819, 825, 836, 838, 846, 851, 865, 866, 871, 872, 879, 883, 893, 898, 904, 907, 912, 919, 920, 945, 948, 950, 951, 959, 962, 964, 970, 974, 975, 976, 980, 986, 987, 997, 1000, 1

c3311c4ca6df58c509e76fba2049d3d2e8c7256cd84fa19d2c3ccda6b372fb6d:
13, 15, 23, 26, 33, 48, 56, 62, 65, 66, 70, 72, 82, 84, 85, 87, 89, 90, 94, 95, 117, 118, 119, 121, 122, 123, 130, 131, 153, 162, 166, 167, 168, 169, 170, 175, 177, 186, 199, 207, 225, 234, 239, 245, 251, 255, 256, 258, 259, 263, 271, 278, 283, 285, 287, 290, 297, 300, 302, 307, 309, 312, 319, 320, 321, 325, 326, 330, 336, 341, 348, 358, 362, 373, 374, 378, 380, 388, 394, 395, 397, 398, 403, 408, 409, 414, 422, 430, 432, 448, 449, 455, 465, 472, 478, 484, 486, 503, 504, 508, 520, 522, 526, 534, 535, 536, 537, 540, 543, 545, 567, 572, 577, 582, 587, 592, 594, 599, 602, 624, 627, 652, 656, 659, 660, 662, 673, 677, 678, 687, 691, 697, 701, 713, 715, 716, 717, 718, 719, 727, 735, 738, 740, 746, 748, 750, 751, 755, 764, 765, 769, 771, 772, 775, 780, 792, 794, 796, 800, 805, 815, 816, 820, 853, 863, 864, 869, 870, 876, 880, 884, 885, 891, 901, 902, 903, 906, 909, 910, 915, 918, 923, 925, 928, 929, 931, 936, 943, 952, 958, 966, 969, 977, 982, 983, 991, 999, 2

77e3cd89b0f05a0c116d349a51ade352a74f1bcc94f1bc52ee6bc83671b91dcd:
18, 20, 21, 31, 32, 34, 36, 42, 46, 47, 51, 57, 60, 61, 67, 77, 83, 93, 98, 99, 104, 105, 111, 113, 114, 125, 136, 142, 148, 163, 180, 182, 184, 189, 200, 203, 204, 208, 214, 215, 219, 220, 221, 237, 238, 241, 260, 264, 266, 275, 279, 281, 282, 301, 303, 304, 305, 310, 313, 314, 323, 324, 340, 350, 354, 363, 364, 365, 372, 375, 379, 387, 392, 399, 402, 411, 412, 420, 421, 424, 426, 428, 433, 435, 437, 451, 452, 453, 458, 462, 471, 479, 483, 487, 494, 498, 505, 507, 510, 521, 524, 532, 544, 547, 552, 553, 554, 556, 559, 564, 565, 566, 568, 569, 570, 581, 586, 588, 589, 590, 593, 600, 607, 614, 616, 625, 626, 635, 641, 642, 645, 651, 654, 665, 681, 690, 692, 694, 696, 699, 700, 710, 714, 720, 721, 726, 730, 736, 745, 754, 756, 763, 767, 776, 785, 789, 790, 793, 795, 798, 803, 807, 818, 828, 830, 831, 833, 840, 842, 845, 860, 868, 881, 882, 886, 890, 894, 897, 899, 913, 924, 930, 938, 939, 940, 941, 946, 949, 955, 956, 960, 972, 978, 979, 984, 990, 995, 996

